$ANSIBLE_VAULT;1.1;AES256
35393830376432393838613061396137323333646336343166323339323166616139613665633063
3236313331333237346361653866323530303139636630310a643164383263663639356163316630
65636339646135393235343866623632306661333531663666623361366465396339303530653836
6337376335373939620a636235316562613764386561383731366465393161343938313336613938
32393463336235343363316632353063616535313934356338626638626236653966346234363466
38663339646161623530646235313064373032633336326234653233653563303537626431346662
32346463636462306365623035366136646566333366666334313464393664376631396330666431
31333934636138386666373335383865383531633366373661383766353237666636333637623466
35393737313963343336636231646161336562663934353961346537313839346264656339626163
64646333646537626538626235353237306132393438373333663239633564616430663561343462
38613536633139333333616239303163363837626639356636353536363032343030323764633032
33326532626166646265383531366434303036363663613738396434376235386233393065353036
65386433353266343530396139333563316565313862333836353132623038313463656337663034
33313037663533633566623730663733626666343035316633336533333161323539356364626365
31633033356232643436363961363066616336663730663963323864366230336663333337323639
30333263346534313964346335353538353838336566633533353830373334666434393737613639
33323330643236633838393538653836646535326163323434353464386361393566363963356262
38333164366338356333663336373331376133373538636436313265303938366264313231303135
39643638303738626632326334343933366662326164346133636531346664343163656265303738
64333962386135363030303432646438366435346132653464646530666338636331376162346434
31366534656432343262393962633162373863373965616464656162303737613864393136356465
38353966366634643730623063306261393762666364353565613965346432363834386131643932
34373864623566363466363339373063373435383030353763303866643238303138343632616161
61636239613661353839643234383330366365623530383037386163396161656165623761353733
33386134663665626534393331636366313533366464366538363162373336313762623933336231
31323163643839646664666561353361393739393232656333643865613361363738326631356236
34396630383837343962383034363039326164356236626331336363653932396232353336343934
62373631616530623864353833363665323430666566633766323661373932396139333139333039
37333731653565653063623130623434343934336639363932653836306631306138333033306163
64323230363032313034623261323335373264383131616438633664366464353138303439353332
33316461376565643462346432623334363663613532363634396134376138376532633766306438
66396336373464383563653435653930313865666439323864616466646234306266343432613836
32636538646431653666346332373535363235306530613063633438386337383965613433313330
66303034383762643162326336393761653762303861363662356663343866366634643432363037
66323266623636666537316462383463663164386266363838653634653265303532396531343333
37393339323461623736323939313237316532633962633161346565656462383538363466666461
61616661666135613734383737623139366534633132366134303061633562353030363932393832
66613938346366303764313936666663633833623731623636323831616137366162353263653465
36373432386234636330323436633935336465663065386333326537303566363130386263653466
37393661623861373963373463383531323331636566383037626666666330393666376630316238
32363962613534313561626234633939643237313133323038366636343265363630346133346534
65313131313532396662323262653837613639393136356537333361643231386534346637316635
36316265323934623365643239303031383934663039386265626266356566383564653566363332
36393064633530316632343035616262616438313030353563656166373065333639306261343533
64613934396666353437333263363335346166653331316161333733663336356232656131326637
37326235663330366639363766396530393738663339656331343034613839306636623461313136
31303230633433666266643735663162383735336635656133313536366362636630333161663637
62303837316338306138356133646466626566666132356264623335343663353765316636313866
66653433653063353439346361333135623965616639386634346531356566303765356532616536
38636239383335336239646435356536616630376565623861646261656139626266313638353339
36326338353832396634383664396235666338633764323338326435386436373866356136363239
32376635613335373234643336316434616266626131373732666562633063663838623231656263
38383730393232653331653635353639623231303464363739633864633432613230663839663063
36653234633434636430353836613638346538613330303938393463623666306130313166393837
61323761376238303638333737343130663364333866633463333131636531303738366430373962
32306531383434343639376432653437653865383435316264373534643738343664656332356132
62386666613634366562343035393130633531633337373233313136643333356461356539626532
36623939366431333932613662353965303162326461353662643130383838613437363239616138
38643232346465346436636134373830626563363761323164336163363239306534636130636463
37303733316634373132333365666434316462396331383064333537633462316233363133356533
31646261396434356532313337343765376335323031646131336135343133303231383038646630
35623130326433313539646362353530373761623437303938663431626666383932303866363031
36333837333132626238353130643762636533616664656166373262363832623066653939303636
39376236363536623362653333303130633332636638356133343165656661303234366535376361
61626562623839396638303034653531396137613236303730646138633765663561303337376336
36323738353037393062666437363862653366623135616238343566303239643533636531613236
33656238393061626262633230643863303738386439653766643538643837323363313563616161
34386563663663663262333034373336333563346666343561386465306438316238326466656633
35636661303266333561333230366263613932303861623235366537666234343132323937383131
37363730633431313465393437613038396332363338643363383836383462623764643864653635
32333831653830303034373465313464383231636331393061393066646330656239663432383137
33633232303231613734316562626331643562303961646463656563643566336163633563316530
65373932323139363633653336626131306162313566373837363938636365396461336265353363
65363162646233383961666336616566633934343565363232393634666561646636373261373963
35376331303066646132353339353561636633373631366636383738336234326266663134616330
65656633356665653932346433366365383637353730393435333732346536636136393962666637
66643537366132623134633466663139313865653533336563633666343064343265336137623437
62393237323739643938316336376237373232343832636438306432623666336433336431326561
61343530653037366363383265613131396362643639393738333837653265316534666535336339
32633962623133656436643836663263396166356132643230653130623233633230616137313230
65373836303065353362316466376163373861643733383633623264623261653661333332343439
61653261646633626439393434303664386437666433303233386539323733663261373531323466
30363532653937303763313636623331383837313562386537663963316433306136393563373236
33316561626136633539373433616531653432666536643765613237323932383530333261663734
31343461373865646130346630653364313932663639303938323763323266336264626665373131
62343833373838373864393039663265393161326631663431646136633265363334343866623938
32373763383835613837326665303038336232373831396339663134353863623834623236386265
62303631383764396534653032303864646662653032613264386135356465373430346639303662
39643432613433326262376362376137333330383737303039373034396436613466646661336534
33613236313932343733626536353766623465383137303665643662353832653162666430353565
39636433306564346138346334363134656435366234666236396463313533353830616662336133
64376266646630623866636166313065376562346135313266343130663437366465346639616532
31303338313331613464363130326363376363373561393431396332613832343666633161303961
65383039323933323032643335666364666561646262623537643433336136663537366437363365
33636235616630336263373564616438343331343862313437353863656434636263366538613336
37666664666437386133383234313335353632626536323539323437356265656663356165346266
61363131323662613331633665646234363738616532303037356566346637316431303163383834
35643335383439636338373835626133373932656233336239613334353961376532323331613330
64616434623961613839643730633734333834666561646333333739343937316362386666333637
64313932666563346363306364663564393730656131663737306561323534396462653930306333
33643032313337353664316239363363633031616165613765633433623638396134383339336433
36643931623832333735343364356435636231343433633236343664646463393661353338313238
64383833346565353036316662623665623336623235383865646532623462313738333962313132
61393136656130336564353165303765633231313031643039363862613339353632633238353938
65316335343132646237633638353531386639326363613231663435346235343338366164396264
34363763383139343536666366303533646234313638663864663935366536656439313864623633
65623639613031386164663265383033393162303236393937363862353338346238613033353736
62633730373330306438616634376137386538353036616332373363633639646565613838666666
35636234323530353264333866613937393465653633663265346432643363333639303930366163
64636335616534353663303739636163616331616464616439363930323065333561393233653333
39383339643366396439663338303432633862363864316235316663643737303962303063323832
38333265353064306464643436386136363932666138633232656133643261646233356130613230
36633436303131663162363532353861303939616264636264343939383938663133346164656539
66333332313637643238383031656535316564313664613837633832373436303839383965333233
39653638366463393364326238366162616536393431393531353262666335653538653139333931
63363733613630396264393461303862396331616363363537373262373930323537336166306433
62633936633735623431316234616366353131353731373663613030663035653366333232383263
33376334303164623939366538393864656634613335656566643634356162636132386234666634
39323065663630356435323139646339653362666236346636306363623562376336323766626239
31393233306461666566346635353537333161663539633439306439306237616632313463303030
34373733613361376165383266383839666332643864316633626265303539613238393133633130
33633661343566656463393934623937333330616335636135363166626137326566313062643631
63366634376366643339646164346165303530303733366637646434643933663262323230313766
39636466653366356365656631373033343765383935343465373065316432663365353130356230
62666637623338353065613862386633643033626665353963323436303266653134343735306365
62616137376337653635386132343165393737326433353161643535643738396638393662356130
39373462613931613833616336356164623165333961663632393034616230613766393562363764
63343565316230323830666663303661393762636638343432643064356464613432333435326366
64363661346339383331646164633030346532356465363232366236373763326464656361626638
32303031396330636466356566306430616337613363333139326464333037623131323365623237
35633638663634323465393930613834636636636164343237323538633737386663313663623331
32353735653062333233646436373965646664333862636638383762666263663839303638373931
39623232396263636562386438316165313033393865643237626661336266643565336465386366
37393366616336356563303735623132646364363739303634326661306433323263663038663538
66353563633461326634343564333739663233646336636534623137626535643638393535333530
39633762383264343430383639623565303631333237626134313934313432353537353638333366
61303163653539346361616139326230393262386639343164373364343866313063616536323566
31333163643761383264383261623330373730643962366636353739313230613533626566383638
39623566303332356534656538353434386330643464346666623832363936356536663766333337
36306364653633306361623264366163366336643263323037386364313831333062613739356636
35343336303330616463313032396565626437623239616237616637303436656239326462313535
38313836653462323637313733373163356464333031663534353339373863313638373266326633
38313936353461643334333063343932363730363036343463303835333465366464303365613733
30333332663235316233623337393635346162326130643062623535313763646565383236646631
64383636333736376538653937643466376661633562333365623366356463633132306534343139
32383166376561633831646636363433306230336439326535313965333330363439386561383132
38646632373831396136646338616632326335386135393263363863313964626636346630336439
64333030646331303961636461613862353537656336343630306536363839373635376365346462
33326238386633626135366338353065306435633439333963323633333366663661336130336163
39653162363436373832356131303462343531336337356463613135383465636463363333616334
64303931653433653834656534333665623462643939343264643139303737633063663130303635
34313334363135613266363965333839383132623864386235393065376333323431623939383861
32333762376166353133333136343430306665646436623961323036336364343835316134353561
33646231663763346136623736656165336665353863396664643861643262313233623630646462
65613733393366656236636632343432353330633764653635366331626333633837626537376261
33396461613732663237383634303764303336616535653961313639323363386635343431656164
31636430616338316235316636313833633064306433343132303763653134646139383532323131
36323334663966323033303462666664336239663538303432323163666230356563613236373762
38353938653661356138316436333962393864643233393163386165393232363636663266376435
63323262316632656138666137653437383739616562323136646630303664373933363837393562
33663965656661663066623663333935396662393932343236343962313038306338303834376661
35383738643934663737653261323738383266636430653233633038643262663737663865396164
65326538363465633762663538636531303264636430666132333732653432656234626537306662
65313464366336643734616135346565323462633731383735363138636233636232363465363931
38396465376663386162333461313163616163336235373430376539373762353566333563306262
32303831363230383564326237373566636632393666343234333433346639356463373138646635
62306436316430366464616138643732333136386438373830353663356532323639336262363961
61393433326238363039383366623036323437366535383531333131333333383361616462623764
64643666343763626131653034316232343761666538396466353265383261626234393563663535
39646438666531343336373738653337366333636662623331376331326361373566623233656266
36316431663531356632323934666537336137643139363132326332303961353830616434343534
30636539653332353365386534393936616433306563323138343064316138636463306662356432
66373461643562613135663435663036343362636163313262626166653736393834613832303336
31396235376338343163303439353332616262306261313435343563343862333536306436616462
34363237313335323163326662356166323233623839663833626566646561336365633230626461
34643032306365323366363061353066303632373638306163363935313832373965346361663462
65306533386665323232376334393333303834616138646331386161336138326663363364373766
65623363613736363935373435373566353037366461373264356263653430666534393035373564
32356635326537646162306465356264393261386234643130353739326333313264326535306137
61643635653564356535323762306337663738643661313464316461333632386137646261306538
32623332363031393536653362353565643236373535616138633330666534623939663631383335
61356663623861303438663638646562313339333063656231326337346438323362373733303632
35376363613564623932386236326237373439346439353462313837623561393365383432653234
36393035646666643939323037386431623339326230383638653266333065393234653333323561
62393534633265343863396565653861393461383364386235303563336238366165393561343630
39613239396239313162353539623362313339346264366361396537643832363761346234616435
37613063396635656339313461346165646336333839643336623763663934653733633837306432
30316136653939613235386264363339393737396536336163643961616335623064393438626436
38333165323163613461353234316433383431316139373462343663303364646134396337623132
31396535363463376639636537356435613635316332316162623535373733363566633362383933
33363065366562316538323365613132643366653735626135393835303339356330663466313762
64373938333263303363326336326439396136633737626433363265623764326362363161623431
64663930656262636162393461393966383863313064643334313134346462633939386464343265
38393032303335646564663762306632663139363264313637623962303134653231373738643836
61393432346537353461383265613566643133613736353331336532353734623062303637613138
38386636326432323063323932656163326433366363376339663866653036333066623437313838
63613761623934643361346634383362633234363465623430356566303537396334393631653563
63383031626139613434643036376262346339383663643638316265303639623062376466623938
63636465363031306365653362643531636338313661613865313661303034623332663732663264
37373438316163383837333639323362336130306461306663376166306265623831313939656133
33663430636636656561393462336235646330343061626266623233346465343034383639393338
35383965656337323761613565356464613333386238396662356433336238613535386264373737
33633361323765353638343937376465353935396333646364646133663432336437653863386634
37373238333432633863333238343664653163663437313461366666313437353533393866343639
30353135666237613164323239353233306662346634646532316464623438366631313139656666
35326362336436316166646430633338653061626331366430303964366638326433353533633965
61393337343261356538363266356264626337383835656337396463626431323038383737643132
33393363316135366639326330636162366538663438343139323364643733383565393865613837
33353065303830363264313430616339353766336165313133633037336435353466653233633238
63643962383031303766313335363138333161333736343035623332636462313134363337396237
35323631323531613539643964376333633964393866646636393236393036333564346231313038
35376232386333383639613638323366363564666666363261396661376134343539663835613866
34316638323032636631396434646330653136653363336237343639353561613261636561316238
34373861633230303539633335326534626165376133386666613362376335393537363130623131
62303863623061623537323763386237616130383961353866336662663630666337376331623965
34646361316163656130643734626437613136376137316264353530616139643861373164346136
61653533343833336235313039666631323935356466636535623830656638386537616438316632
38336437656633363836396265373363333161613539373665313865353833366630393566356138
39363462623666386465653662633739636635316437313030313833636336376432323862386131
61383063313161313233393038666565386464393266373034333861366234633666653938366564
62353339306162396432613430633033633335393062346266313330663366306364666534636664
35343536353837303033336464313765306134356362663265656666303334663364663036663463
66366663656162323139323437386338333166653933383036663063323561623863306665333030
30303831646536626633303433616666373561613536373730333634303936386265663162663362
38663838616662383435633137393530613166306361653735373261623936386362383337666566
61623336646130316539613734393030663165333436633563316336353661623236366564393564
64363466663837616665636439303265353736336533363138363536633133366263376633323536
64626631656465613866616665613535346637373236363431643334323331633163366165666565
62393337393730396535376439656463663637323238326261396237646433353737363237393965
34363738656530373438336635393463653661333361636662633631346637366238303966336236
31613935636538356230356130353236353061636466646430373032616561353439666533363836
66336164646238323835643963336232376162386164623933646133383335613930613833323135
62613033326430333131633737323865306430646435393938626431333963363133373934346665
31663539613534326330323261313534626264313638373366333537343862353232383839386534
66653638333564323162383465623833356365623965316562323761346264643934383233383031
64653033646432396364343330346632623835393239373430356631363335393634643837653638
63316532656665356432656138623966376132313336663031613737643830353961663136666630
33616265343834383336333832653765636437326238363031323336313565336637393139653638
61376563626662616136646435363231366330666161356364633762313235326532346431363563
37323439633463646162646534326335633434323030663435373430616366303231383561636330
64306630313466363632376236303238633236363432633962396337633461613734613433313732
64306362363435623662666432613166643439663435343731373932323430383765313231616337
35373535666435346232666534643662626564623563616239373036333638623935646661636138
34353632323866643132666236613531363565663639326136633930393966396332383965646338
37363564613633303738303933383961333164333830353738393261336233356665326536383731
61323333616666636530373163663236613938613562336163383161313439313762306238383235
31303365393931333634633466666334336561376362393437376338323364633539363539633962
62326631363036326537366161326636613363663734636638353531396639353431643966633231
31633263336239623431363139386231326130646364373131666639386565396239636164663335
32376330303936316133623437323831393766613666333565383365623161326337303833386134
63373761626437393366366466623134383437626430383338316461663538653166363737666266
31396537376362323163323066643830383439636261356463623763353563613235393732376630
38383536323038386636373238626661356166333430336630353465396663653465386138383633
31616464366266633165383765643339623937313561306136666665326539383062366361323162
65303733613965393534626232343663633138633037356563343339616362633734333130633461
35343835303637373366633562653535376365393462653236303861666366393261656530653365
64306564333261396536303138313362663864663565373235663931376563353431643564316533
32626433383533323263323536653962626438356634383333623565323237613837343838646634
36643863663238633064383538346239633866613066323237633036333266616630356438326465
30303533316430376665393662393961623736306265666665633862633861623933333863356331
37623836653165643762363639616464333261616131316566623361623866383935663435303935
32326435646661326665393735373537373934666163643266666662363263636461313963383834
37663366653936323231366637656537306562386138636630313661643864353939623235636463
65633539333836623632383161646630373063393261373536623661333465303434393738303763
33633832343834663335653364626134383835613837326437393462303431366435633238386138
30343865376665386434616666626665353435363963386461373033323364613133316631633865
32646439346430613734323635656635366133323136316162303864656336613463386361383536
30626366326634653634646332626263326462663232643332656630383466366261653164616266
37396339303230316638343435396631393966656265323134313630643031356632666635633134
34346133343165626361666636343066363630366431633433373665313730666636313938633031
64623062633361303861353433326238653132626165613966663265613238373864616262393430
61343932653566383463343032663365643439383939643530333838333661623062363036653366
61646134313064653265306134396631633366323131326162333364343530666161373338636161
34663331333962393230663866613637613935326131343135623736323662623335393865336265
32353334376338376564316563623938656437323161396239343363346130373261613062656462
62623064626562646666
