$ANSIBLE_VAULT;1.1;AES256
36646530623631643363326262356531663265653335353861343239346234343365306238343263
6336643739363533353264643237646430306632666265380a363634303164636234623039363335
30646262663734343065393036373863653863623464346331656265616336653761323861373465
3731306631353539300a616236363331353533653264633162646635393538323832313936343536
38643635646234303735663832363263623766373162373263303930336533323764306363333462
39303338386231336539373163316636633239643164373532633538343261363062656562396137
35323932633939613264366430633337613865336231636439363839666438623136386163393132
33313136323839313438366235373463326363626433633430303630646133616337383532666631
39343535303332396661653534323634366434663839663161313231646135633133326637656136
38643538346633383463363861303534393038613339613533313035393764303131626465663562
38643862626463376430666132393364663931363237333939663836343630646638376264323030
37353634373232653338356134626666366431663265376438623538333164383636656530623164
31353638613536353739333933313530303162383966633134356230643564643339336133396530
35326666316166636636356636653633393064613132646336376233653266626137633131613231
61663835646135303937653538636332313436326565316134326635653939336437613237396166
35316432663962313565386331626563646330373133636331356235313036653535376136393534
66653937303061386531333463376432323730616163353639626535653164646663643136313030
65653736613137373137623338623662643261663432616336346665343437313063393038383330
61316335303930313036346231653836373062626361613333653563343763333463383738306532
33653539633335626535346332653232643134363335343533666535643632363266333233616366
61663337353132343763353935613039393631636665323031623930623131363463623032663932
66323863623339643832383266396162396166623835353764323932326534343131356164663665
63353633383166666363643465323031373532343262353737386233343730666437653933333164
62646433613939636463373963633530333663353939386161383131333863633333346430663037
63373435396236393563663463666536613363666562636464383063626533616162323439383034
39366334303737343232306265353536633736306239313461306338356230313764626232643037
36626134306632626236623234643762643863373838383530316230663434623765396534303962
36623464633764313265363661303465356334396561666538623039326530343236383362643133
38313565366231666362303732656632636335326231666436303934336632623632393231383133
63616634336232306136386337643639306339376537613266386432313862323866663166363635
63613038616638306239623933326134373930663738653738343735623963646533626466343861
38663661336332353331633564613965376564623936373533623132303865316633643533613136
31653135326164306264616332373065653062356336663139653435383338303966303531373535
63623735353364306633616163643538383037386666376563306332323934356235323836633739
62373436303531613166633533376466353765303831343134386535383463396462393366646530
31343234643135323433643462333865386366616236653365376337323038383137326231383632
63323961303861316662306534353333333438366237343565316530663436333930313662303536
38663062626332353466316366333965636331613665626566663463363063306130343863363065
31333465663933353934353334333561663762663138363437366538363961636137306339363563
36383634663562363837373038336336393862383138366164396531336539653535666362376562
34363036653734336539336638656631616365363064326161613635633363393763336162663265
34363764633532366265393763323434613036373964366461333235613831316361303063326435
35336639336632326539666364333664343162353764376531303366363466633235336634623931
39393136666262666533656661343065613335643764623536373030633164633761303433626666
35353734623237656261303039653966653032343130386337613938653365666662663762343464
37303830376565346462653632643432326466623264323034313433303166316436353730333336
62363338323666353764383039653065633330366531323261653166356433393031326336313939
61633434626164633562303138383137636365326266656561653365386430653335313835306235
35333462343362636532623139313338613963323233643437306133346161663533653736323131
66656336643437393034396235373738343138663561363638303738643934383939323836333132
30356536643633363439313332623834646461363831633338366531373564633633623966643238
30336631373230333262383863393235323862396565626337323334636137623762653739396335
65643435373536316462346165373863623437393066353365373433333134373635656163633163
64646634363630376163353462616565656330343439373962303932396266313937626233333035
37636537386536353332336633633632393438663662653332376536616364653035346430386164
39363863313838343333316632346138393538643562646134386363636431653461383030656135
31386333343735383331623334623065633439313631623130623133353065663163333138383534
39386633623731383832373262323466303830363135633933613962383963623662386436663063
64303430663833643565666164366533303836396631623765343430313934643365633934303661
64636364373734383633643637643739663333313865646132323165393561366665626264653630
30643035643138333361613135313037353430623165376630663734333066616236663733313462
63643662656664643566636563323264633931353561636434363931656563623437633434666439
32626132306164323962373262623066303265613639303666326633613839386631366464643765
35616339323032663866656661653832646633616631346639356639663966336535386665646466
33623766386634326234353438323662643463646664623432353837326539366566363336623137
34336637666439333830303133363837343136373530373630623237353263383936343430303966
34366239616232623539363962653835633163663330643362613766633936313462303033316464
64346334363137353534383261393863363863646363353838373236366634306235656536663739
34623439613536613635383236396531356134303165626562383531373839666131633435653538
30303363326263646466346333383938636338353338643832626333396534316366653037636639
64323037636538363466356561623763643465386364383266363639313431616566623832616135
32346161313765623166313738343430613037326464656137333366323438623066356161386339
36383739643536313234303661393231616665323231306132303531373035663931393962613562
33363032333230363234353535386236613438623634376631393133336239666636663166336137
39633665653461393063393939386563613665306238383436656263323834653466323363366338
64643431363336666436373332656534373135383736373762303432373032636539376533323434
37623362666638313533653237653338323930363532396535363334333737396439383233383735
33313630626362616239346635346430303336303034373235646365323366343633343963393365
63613666393963373539393566356165313339383665323135376439656535663231363263353033
30643165316535663332343234356639336561653161623239643462616466396561333635313566
35336564343034376133363561666563356361376263323036623437396533346535666631336639
33386638626634343432336563626334663664626265393633396236353438383836646163613265
34303965396435373337366139626361363331633633643861636334383062303361646439353735
65323031646533343837316338656631303362373437643739343633613935623539623261323838
30623163373666386633323731303137373761376534353065306136306466396337626539356339
65356233643436363833643463373631313232663961323364343438306561333635353538313665
65393236346463643538313734363832363837616634356238306339323537646163623966656434
32663331326430373435316666643566663262653433623434306635656634356232636166623462
65376231636362336339346131396464373962393137363562353161313762326239366330393538
32393832656262326432336530313265656364353566356530626237353438626263646334376430
33663833656564373132396565333339303537663533353038333236383532306661633037373530
62383463366138613737343038616566386332343633386235373431643231636437613038333766
39363636633734636231613837613033653038303933313333656339353363363738336637643431
37363532396361663430313164666338626239626435393062643036356138626339366634363332
30653136326435373336666637623961373533373139663365633330323464663333356466316132
38663063623562393764633065346337376338666335386263393731666131636162613635353139
66613364373837656633623339646330353139323339323431653663623433336234623135373936
65326339613031326337653533346434656663346131356663666332326361333531663662366534
38626632313363643838376238346163303461636632656639626131633330626231636533643330
31663432316334333565363430343133336131353934353633623833306563393135623366333163
64356462383331643433386331656262323633633065356532333864636531363436313337373762
36323432376439376332646666303036616534666162616333613933396132653236336533353131
61626235313738356334303537393564383761323734643736333864323166313938646530613738
37663538623530343964623430336364366134353831616232313431343864623463323961653732
38643036326566343030373537653264366638306366313063653232666531396532356635313338
36366662323163336462303237383265633463306536306338333861336564336635396161373739
34656661616139363461333361346461383330626339383335636131633631383964653931323539
63653635633932646639623464353739633265346132313262376666393265313036616664666461
31633363613133613630623765313464386332636637353862616361376536633266643630343662
31383762333662333233663165613132306263316661623735376335306663633462326638333930
32373534626436663034373665306335386432313833386563333562313737333430346131303666
39346461376232323161376336623263623862346538383535386534326436616434313036363265
31326466386462326130623664326366323232666438356435626665373636323833356661646235
64306332393536313235313763653239336165653834623466336432313330323336386264313563
36663364323438396561633630303135333066323365616365626533653930646137376630633665
38626662636631613964646134323739316331383165356236343338396137353263393662323763
33626530663739613439663831643963313964656334316661633433323163353031666637356633
33653131306166343932353935643635643733656334663365346632613161326465366163313834
33313433336531623965646537346163343064316665376666343762326632303061633439343865
34663734333933393636323665646463646366616236623739373834363664646639316162313039
33363862373532653633663162373833613839366633613561616164663532376639383063393665
62356534303131356161616439323466333133313463303531333037643365613438613561393335
61393835386365643734656462363939353765653031666132333633393663326662653261356364
65666439373539363835656266303266386230313635663736613530396130356539373333653765
39653632343635373732623238633164356661636535613435383534616634386238653738333266
63376136343261653132373665376664346633656261373936396331373331343538666332306435
65646433356165643235313634383634633966623464643739396464343931616464666333626162
65653938353664363263333864393136363265666537326338663238353538373263386162633838
62343364386132343939303733303633633032633866326433356563353366316131343062313564
33643837346238356631333365656439353666353434313530623830316461396238663831353633
35353232633431356533663861643933346630616235363763616535653631356535666361366262
30343439396363623833613436633839616662303635653232666137306138306132646562373939
64653462653638323666383937383935633262366266643038626262613134303462616430653866
61336634333861373534303764663763336136643862633034643838636233373563633366373634
32653130386635663464666635626338366439653839333937663733303737303539336232386666
64333231663365353766643333666263336131313535373331633830303531353333376137623030
64316637636134343439346261633466343836643135393432383136323133626564373837636430
65303236373463346464353132313136616534313733323263333638383732623662396531653766
34353665346539306337353530613035656566393364663662393765386630613936656261383164
38613861663163316138333462313130333366333539656533636162343931343662356162646234
37393936313366336437663565383831353836613163323037346365336266383533643235616438
36376134303866666233663339323238653036653034313133633965653234326362386632336266
36343337646232306235393863376232393865383061363939623566396532383930313332653937
34383833633564666462316434643163623563626535346235343663396664326365313137636363
62326631613532326231666537326664383237303264663233396266663135333835623330383266
38363537393631633038666566646336643365306531303765336432373131363331303238313232
62613733626333653564386263376639623465363230363331636333626264616437663538303431
34366166626138353861303338393736613634653833663065616462356538383965353435366638
63376338343131666536353165393266333030306533356635653063396630346538653339623338
37383933393163613833333662653134626263383062633461343066333539653538323235636261
31643966306335313161626335383361636439386363323730346532346532303630633730666136
34623139616232343164386232366530356337363362316635336639633039626461633336316564
35353561346138346461333165323436393834633032396665363838643664613463333037373638
61363238336139376132343262393133316237363866343862363966653534343666626565663463
63636235343230326231653862646435353565663739363530366435323465303266636466393830
34383330643731333866663333313730333165353532653338383636653533303330303464633136
38646363333061356263353237366535653131316538616535353534613036663636323834386265
62373633396635323838393930346537633666353636353631363437353032303736666139333537
32373133326331333930333463363161343330613832343863336134356534383330663766353138
63643230326336316633313832353062323431623538653465326563303465326532643064333966
66616462303365323664373365343661373232393961643130366130363937653935633936363333
36396637353534633032376538383136653839633332303537636136373935396536373761353235
30343664623935616462373735383631613561663133316631323031643632653738343936306664
36336630613832376135626434623561316633633564666334643064616565663961326365383836
35653664623232626333653061363530336433643634386437353938623730353139613961663864
36386234363732643731653136333866376136636133393164613039666636633630666234613035
38336162393539356161366338643137373433393930313439656139666433393365353531383963
35633035376634623830376164643738653635366562333665663934663664636665373336393563
39626130313139313535366231616164343861656262643966366461373338396639393235643165
32373130376132363863323461343539373564313330623536363631663638613965346132613433
34393766623163613239353363373561643135316532623037316263376363303662653435616131
66636561633633306234353736323433336132316338323833623430383462643934356562373335
66353063393264333233383036326362666539306430343133663165313333623332613133643833
36353334356364326564373734373435663630323265346135393434393331656433323535663337
61353439653734313939636666393136613532353465383131323737323030623961663036613730
37633631343331623532323836343964666164343633653862326134633466613963623161636134
65316436653066653265383935306137613531626539313861303237663765613234353333353337
32396134356266373161643834313731333465393163383931323265333863363731633836613131
65373361393335663537653164393239343165613931613761376634383737383765323131326331
39373362333562396531666431376332396634616565343661323032613364393664346238626632
33383864643336383934323233306362306261376462393763616435353836353536653061386239
38356538653737313231306461653431353333623836623263613762373062663337373037613736
62316365616635396137666238326539326634383638646463653139656630326236613764663564
30396131633463336138646263653833623539303765623638626230613232333666653130313731
38316137356431356662613835366166623638313662333862346438636637313766646566616635
61646233666534386263313231393536376337366635383962306361376265306639373364663835
32356332303433613632646334366464353533313738633137356336333664313162613764373132
36303165633132353532646662616534353432663335616463656366333733376138383932653366
33636635326562623961383538343338326139383932616265373464393032346437393536663963
64666139376131623465663835366137643538666139643161623163306633393861646331383632
33383135613666333035663737303339353334303037326662313462383563383666656535316163
64323735616134646133653462306466653335383166656230653939656236633165333333323261
36393133616264366130396632363938633762373330626332663930346233323737386231366463
36396536306532353536373232306234383865306339383435346165393633373864313933376433
32313030656631373461323861336232613539366637666633613039343661313431333738376363
39306364613537396461353236383933363138303064313365633038303439663265336330396465
65616465393231333834323861313435383661623063346630383632316437623739663538636563
38396632616130653336633434666461386630623966326136626432383237666163656331656564
39373430656137663366323337346161353638623930303430653931373130383562356431396632
32376433346663616333656338386366383339633831313461353437346232636263633163613338
32396233346465653862613738323830633661386639303937303162316631343033356338636433
35386136333133623864326439396235353766653032626139346638623263376636343963656234
64353035353232653539366436366463303262623530646161346339363437373165353665653961
36393138663534633439363430313030366163383861633763383935373966613032303031623665
62633864366366396338336362366131613831323231306330313861303233626531633664666365
64313964636531336231356331356433663737396536623639643565623631373431346538643735
65366437313365373335333434626634623931313336356565636330636235383138616533663039
64613531643764666637316233396435316662316330643263383834383563636335396637376534
66333666366333633931323061346132613166323134333865333166393730316664383535633737
34363337313066323466313531323333663736636261393362306534386362633831333961646235
62643164363463353065353931323436626165326136643666333036653637623839373231613961
31356664653662386430643538666338616130353733643563343932323739363831623036633331
62353561323261613364383639613064633837333639613130633634363335336239633036363764
33646635333862613539333838643566323763393265313166303566653864343561376539306631
37633439356634313837303938393461626466336263663562396166356363663862336435303734
36313665666264393864383430613166363634343766343134323533633865343332663734316431
35316333613635373630373537396138363937646263643464303861323538636230623262363538
64373536643362333565623832343666343030393534666434336137366539656537616432353531
63663064383161353638656634383638393130326432353065376631366133396638383061313437
30636238663863396363346239393861626438323064663561656362623738646539336237613865
38366132386239646430633334303731373239366562306166663665343533356139623364326338
62663230306534653764366632393666646633323032633735336335623263386162343738633566
38353732633134353332383832353337653036353630653139643938643765636365353033646530
36613461373332336161363162356164306433383735663135646134366136343563303562366666
37396538643532643761333763366438366162363965353130613736323866313931383166393436
63663861363339636362666434666534323232316236323436663237313661306238373732323261
35396334326263366439303134346630666561393737346264363638326635356435396163363937
31303864653861323466653662383536346133663239353965393966666334306664646238643763
32633439373939646232643763656464373732313933363734366637623163363565306637636631
62353762323931383063613463313231613864303163616337613865646132653737636661646337
62363137353530313431303230353534303533383837653635386233646638613231313262343237
39363935643334643061306233383966396364386635356136363963626233626635343733636166
31353334366632346162653732613433363164373231643163643566323835643832316362376638
37656662363963633137383733623637303762313439363534663535343134306264333737643939
65666131393261383830373864373833653230313066333465366561326138353532333638303932
61306261643132366461396166306330653738353232643664333738626230653265326563323636
63346366366332616634393135316663386665396337393966346233363862653665623064343830
30393963306265303564303839616261356261646539666539633138643237643964303563373033
35623738363331653339393834316534636433316362356135643865623961653131636166356336
35356164366264653936306333646137363739383631366161343962346362633639633962313764
31383135623466396236366136656639653865366663663465363133333837396436613930626432
65656238666639383439313161646536653136373064346238376539613462323230313839323338
31633530653664323362323930656330613833666666386464336366363337396261316332633135
35386534663262633865313635666135636532363263363939353133353532333636616235656237
61663534666333393664383665313461343262353739343563663536663633336237316336376137
35323531656333663261396464343735326364383532666433626363303139646639633334613266
32393763303363623738613837316461653138306635346536393439326338346664646635373834
35303232336361303131356165623833366634366135343862386536336538326634343064616433
61653830643932333461333263333365623565626466306164333933373534393937653238303934
33373931336265623332666435653766653836336263383461326439666535653864613031313365
31353165323134316137363538633637653966646534343063353461366435366434396161373038
38623839346139393965663337383535373437623762636437363532636530346464316234353361
36363865363062373464616366363863316362393633653161663234656239373938336364353337
35613434383230656563633130633664666337376139643233313635353339363565623439343861
35346561363533656436313538626231623462346462313766353736636462633936613732336365
65303238346134643035303333393462333161333431623631636162396331393836336139383363
37653762393862623963386235653232653963616232333433363131656133343834613037343539
61363233353763626465666364666136363237616664356535646330643665626138306431316430
66626532626637623938656666666335633462326134353234313665633066313138656261303862
61643639393033666364633938653232346262353439616163343634666636393131656436346465
32663764326332303331613533613939383862386664323936643339343061343431613362363132
39653763356565653630613064663334313933333931393964393861326566623036343634373065
33626666663763376633303435333364613934376130636538663965373639303330653661366530
66353132613632383266613463326436616232393238636631313034363536316535316162626432
30336563363135373338333738376237633331303864303965343562616539633464643939333933
65353134363161373662393836643331643232313036336538306562633636333236373364353436
36616161653535393139613239666435663063663465323030656432356437383664616239333531
63636538653039356636663061396634653238343630663939383266333532396437313736623431
31323531303365323930646565633666306466373633626239393539306562633333666437313633
31336434346632396234626535646365346334636563316563613236666166316335366561373362
37376262663465646563616134613030626132353763363830663436323664636235356535653836
61633533323739303763653830653761373932366662343565333338663139393132363337333361
3261
