$ANSIBLE_VAULT;1.1;AES256
37376630643630386361353533613365376666653838396332323134386431346139333566353936
6435346565356536366266326536623831323965613566350a313233343639373864646462623132
32306530643137383035633365646137363639666134316166396135646564323663373431363762
3233383039366666640a393964353264373563396232616639323166653538306634356335313730
65633935323038376630353963643837623834303766326630616537646466323834313631393538
36663035356262313434393061306338383763346631363635313432643536336233616130346538
37656161663539633137363463333066643166376637343439313832313033336232613138366338
63626636636130613564313531656261346566313437616531303531616532336437363231306366
35633036636237656232336530613834633536306339663334343533303166376662663038326462
66393032353337386433623563633330303165363337616632663066353064646136393063353762
36363731663265333132383463393062386231386434393638626265373964316531353432326161
31663666343762323364316437313763303337613832626464626364343731663937363263333130
32636436623365643038373735303036386332633132353637373536316131353039356534656264
32303864306266356139313335343834323738346138663632353662363866356139653834633039
33626661613337643532316539323432353939623831636230326433646637323536353664353161
36636365313936636264663336313233303330613336303162623037613034333238653835366435
37303231376530633833366633343736643964643264306630326163346263323564376161366430
30623162313435656432336637323463383962646266623537383636623031313866343637386134
36393263626161623435363839666563623662646137653831353966633265333834303061663831
36373935623039373863656666333037336161393265326335363039636335373930316634623661
32626535383932323264343033646138363933323164613231316634613766623166346261386536
62666665383839323637623237383863393739653035666262306635633263666363366462656439
30623966306133653234306431613836623961666464646432656630366230373761393039646131
63323361373564383664356433376335316337643530346130353762623034326363383562343431
39636332636666376531323433646339393139653136373763336463336331643337326433343261
33666233316531373163643837313163376532363633613430313031353362356431306530353663
31323533623231363938343964653031663932623630306534363065353732616333636438366266
30326632363938663332326239333835666261613135363966646134323831653732326439306436
38383937316435653664646161613831356265333061306462646632653563373661306431366361
34323462633530363366633962343533326137306631646434383736663865343037383635623865
65356234626138656363313237333862633939333837633061326138353361306664326264313832
34373833386466303264616463303934636565613665333734653363663462323536343936333365
64636331666164316137373664386161363137393662653963636335656132643663353961646234
64366363653166366430366534623365313765633661356232663230316566623663326431383334
30626435313431333937623636663566306264363030653035303561643665643333373636346138
30663530636139303233646130393335383532623239353462336435333034623331323234333962
65396130633938653630393130663761613632643633356439646464646536636138303564383736
65343333373133663230333564343635376534663164316462323739386634646139313434303034
31663934366335663336373731666231633838346533333561636632636561613937333063643931
33616561643935626362643538613332353265373162336261656435353132333663386232386335
61656532383766646665383932303437343035613464656230343566653235643666653935366463
62353639383530323864323366616333653636346534366361636535363166636665653038353131
36323064343631303934363239356331333639626539633266643332393961386234633366613734
36363466353836383031396464366161643337623865623036303937313061376136313935623966
36376234303062323865313265643238613261333361313336636334363733303132313230373637
31633830663064303838643939633839313865623966356234343534353436626166646131393966
63393731383861636231613735383831666431333666393737323165613965663332623962306630
62333134633166643835303931623634383838646535303566373266323132323862353161323737
66666637663735626565653337373239343836613535666639386166656135393335636662313833
61346162653336623262336131356637396637653737633966613335346534346434316531383835
36343736363366613763313433346330626637373438376130666432356232333238363138313037
63383062643936653862613864353130323562343338363031623765353133653066646535373431
36396464643266353261336135633163366562363566333339333433626330346462356364326262
30633534336639613736663832616461616534373161363730316634626234613232386265383661
61333637373530663665656431623735363335383631376631616463623661333035353934356435
39343538386432366264623932323637343734336463393136616362363231386637613537373838
61663034663937333561623266623066613230316231626463376666366236653866653361303966
30616439316632396165656363316131366562356339626563623836633338633864396366383632
37643437643734653734356332393965333237316666326665663339643166316535623963623433
65353932656163663634393762623133383430333466613365373639396333613464656132313764
61636666316366613965326663626463363031326139346235313961303937633065353936356666
61366634356330393536333863353861633033353062326632663662323062373730656536623939
30303831646466646361376539376633316232373037306563393338633164306666616530396334
62333865396563353838656462333235663030386139643362636365613963653130333265353136
34623931366335666530336630333730353436383761633864633062616561663039363766393038
62616432666538323561333136353339643433643730653035393965646162333162656439633833
66613565373339313734383734396334363935383564363535346535383764613038326563643364
65333736323237313761393230366331336630653366613138363039393030373836643132633066
62656362666238376364623137363464636263346639303036623035396565666662373064373939
65666136326632313031373566666132323863613831616466616436353838633165376666636662
65343262613238653064663263313435323533646231636535343964333630363734373839356265
39373337306262323339303261303261663163653135333633363864366661363663323833393535
39363461646431373632373266383334373037663863666339343737633663306434656336343336
66663330323362353033633239313937326334613266383138353536303936396162356531623661
32643731313139356132303065373232373938666662623237633039663531303130643561336536
63653534396464386563656563323162363739323164316639333532646161633132623034373933
37383439663563373033633236663339356438643763303031623734373032653832373964653230
32343064396130356438646265373139366235613635313433363334653461323833643138663366
64353236316432313632383762346635303534636462356236626232616137656263626633376232
63363865663832633739656166386164363932333362343139356266363232646630323035616130
35383231643463336365366363643639303938353466366338393664613161623661663362356234
33313837643331323737373765303634333136336662393364313038353735643631316639373339
33363764356266373062366366356231353031626361346666663462663762323237616137323636
61393134643432303633386333613439616263333865323064336662303961316261653930303737
35303661333462333230316365313762356636633466616561633335376136623466613034323262
62383666663534323332373537636265333830306263303537346131313239626237353839363034
37653235623036666563653538616435653264663862336262656465343362623738313436346535
31626232373261363636633333623531343137643538366431633031353631313436316163376231
62623331376338383833353465393531623638666265653361323135323536613061326331373837
35346236363433633161353366303638643135326562356634343334336165386239636264376431
66353139343332393466626237303464356232326162643233393464623261393566623332656363
61313634623336363831623661333336366439353037366162333462653737356231326134303361
62346162303737366363313062366664313963623764316665366463656335353134623864383239
64613664363133643939663465646466326661383639393037363239643633313334333434666538
61326362366337316535316565343666333565393061373664663663326463313361613061323630
33333063313663633934376439393331373738306366653431636431623737333530346665396636
30393435346635623832306634633536346463353739376638383132393062623363386366666335
36323233303262383864346233633933383137396362643964376431303065356532396162386431
64666431356661336536656239633131633533303564333535333138363865616363656164626233
61313630643831633365396135396563353436313262633461383966373635323231643036343263
31613733363330326663346433376533303033616564316161313438663336323061383264653335
66343539303761313937303962366335353737366334336435663735373239306132383836633963
35653033336433373166306234323866353430663566396635343063346138366362636633643764
33646432343564333965613461363235616532336363353938303463353937393366643235623561
65313061333561353238666632343832633163383839643436643663363662356237323338393931
31353663646334326465643339303838623938623135663864653633303763313839643835636263
34313363623635343364376634663066356436323637613865313239633462643235653830383965
66383833326135623363326430336565373337633531363366346165383161363136383463643130
62343537313837313165353134613165303564343266393236653366623565326130383537626137
30343632633036393366353332636535366230353964313262653765613063303731336638633438
64353130636432313230313234643732303138386635373137623664666566333337663936303761
38663535663866323361363237623039616165303935313766353061663961626466386361613532
32393332373332313136323436636161663662666539313132363662656161346130616665303338
63363662663637346261646332623662666262303133396137333864633066353932396463633862
35316539646536633031313763373631366232343436323565316461376665303063613938343339
31613262343163383532393235643564303336653065316233333436653832326165343532373366
63393966333030386330326565663036373661616335313533323335663239326664336131393763
33633264303531656366646465643437306236666166613066643761353736363232353338343533
62366165386435363261323831393030343737346631633138353463313333383934326339633766
32383633316434366537373238633333616263353434636664396164393035626461626361613935
36363064313663373631653533346332653531666465383965333462623562383238386564646531
39653236633063366239333536326262623066393534343966316335633933353866653735343564
36383232393238303964613138353037346662316330396565393831393362643164363034323062
62323433653535303564303632336233633639343236646666333832383466616237373162326538
30323332333662656234383331343639326538353466346430633134346236396264373933623364
36623966343934633330316136646465383564376130316135303033616336326162663331316236
39333463643231316631656235363862373165333231333166376337633461646639383139363539
34336436333437373939333665666264393739336565396362616235633666336430306134393064
36613039383862383061656436323862386662326361313433326431326636336435336330303165
62386633663131323730646465653565313964363965616164613930323365663465366662616236
34396236366435303535646161653733653031373861653039363733666161653962343439343735
66386661323261626662613337383732333130363038323039353839373732666464386130383761
65326230643238313834333664333536613564376439303861656532303630323164303433383830
38636634633137663239303533333730386233313037626133366631333465326363623135636162
33393531336131363333343235633434643435343562363663373662636132353266343666393666
30616132613262366334356462613737386466373435303061343133326137623437623739623262
32303238646165386633306635316263326333303531363465623962653131396162616461326265
32373430393030383133393632616133376138393736663030646563343934393564396230643661
37323639653261373239663962383061393138393332653835383163343463306538383630303662
34643634303231336535353266653162633663633765373165646634653031626361333462366331
33333463663162623232303163633239626430633862663432666630393465613933396462306265
35623463306636346132343662373732623365346566363361376166356433383838313263643134
38663037376165373933636330653465316438313765346239666466323463333037613561626561
33643130353263643361373939363465636666313231336536343763326166313431383936303263
37386536663565336363316539636234333137346133396165613535306232643639366663306363
36303463356134366666316634366235393336303036303566373739303139343634633062323531
65383735393363636432303635623839353262343537393164386637613738346638383231383736
61643239313161346135383438333231343631363032623365646466636131306162386264623831
64376138653235306565633764366264396338353263313730383136353337343330633531353132
31396137353363636363626235323966626562623735303962376366663037663535616561323338
36323733323436326530383535646632393836363463393962326636373963303761396230303431
32373737326261326466333730366264353336373333326235313030373564666130326563633836
62646636303430663361663561353437396330386335333039336163656338633263383239343863
37393461376433373062353639666634316639336663353631663333633864333865373261333162
35656239383065316632616464363063393866643566343739643538663133646539613430303363
32326231636566353039346639393766633537396630333162316531333834643533353232643366
39333535353633396264356130653061376132386230383965383938313137366533393630653864
66613631343230323262313364636361356163366235373438393364326363356564386330373138
65653836306366313235613538623265313731653863363963313661656364303137373339653939
37623238663734363035656331643432376363653539386366313636646331353537376439303735
38366161636337326537353564613437623230626364353331386433323263323563366230353135
61626662313735616338613263633964616235383830343161343534336564363934643865323332
31303662316364333137373731623461636632343634393437626436383432666461393235373938
64353965306264663163306332383366393036663135353933623032313730373562306339336365
31373236323333396639346264646566313466366338333732633030636365653532616332393038
65373564326638316537393439616331666434323764306635326631383330666264303433613536
32613165653138303235393765626233613032316161616662353235343038323465336262303262
35356334653334666639646364333833363436346438373133333162333339316238306339613465
31333964623334656264353639306539616165613635363532336164643538653364653366613032
30313533613530636534356435323265383532646637663633383833323032646330343166323834
31303564366663613263653230346339633763633636363164323539623934373765643330366262
62643863623538643266623638653639383861353865396339653531633730653333376334636364
36613436383530353339333135346631656235316532623966643865666330626361323061393764
32343931633230373462623338383036623438613866336433326662396539323762366465666363
63663863336231373235613737613038353039656536663035396635363564643861386537316432
64613530636138353031636364626433303637316234616562636437646635636332636336613239
35386238363966383461613732626563333930666438376532336163343364343332313435346237
66643333646664363533626337666631663431626533306363316262353034343336373338306331
61663961393831656165646133386162646331646637303064323465363364323263346435656563
39616531333466663733623963376238613965346433666133633135656163346663303439313739
32633732356532343636616130323265383932663631613437323966613035336461616433616666
64313733353235633266393838633930633532656464316465333335613934643437333533363765
33346431303861373361373237393039623435626565313630616635613166613434643034613563
61383939363132373063656263363964613133376239333339353362383333303334316462356666
31386663316264386362366365306131336233343733386334653932336439313130633863343036
38326662343161346237356434323832326635376538643836613238356532646131363638623834
61333262313934343965386533363833643435353561333262613433323637393239613739393036
30623935323038303439613533373164633732643464366436313066653864616430663330646164
64303463306361333635376430356531363931373762353266373335333533353231656263303061
39346361323630303666353639393566373663643734393131346464313232363765626435383766
33643232363033303562326466323030613766343465633366616339653162346362306134363636
36326163303339623765343032613532336665656238646235616635653034633731346265333531
30366336306338313632343238633239663132663665643432643434626362373866316562343737
64656464656336396264326361356166653739386561393939613431616431613036363530313231
33313730393230636166356532316430346639636231313661613136396264633363353063643732
34373863653462663165613738326635376266326461653863386438343565393966346666393635
37386437393562633238303262616536343538366562663738626664393139323763396136656464
61393634623939613930653030653836616664643137383464353065616366353232663133303735
66366533623663343835356432386162363930393565373961363832393033393837666265373938
65646334396131303932643332343035303464663937313032393532643061663731313937346536
31376563633338343035336135316535336366636462313863323934623663333833616634626430
39303531313963623730333637333533373263313866633964383964636131333066633637616536
37316164663235333530373334336133613239623463336230613730303839313739373535363538
34343333353261363562636561643931306561646337383430633937313935343537326134393433
38626664633631376136393065386433336361383737343265336430666264313537353333353038
37383961336236383232656130656132653239643864663537353233643730383264316337613934
36333838353239356662353030623235366565386238316336303933373062663033616461346463
36316530343032306531613762393832626332633063306133303466663034303935643332343630
34313238626231313164633130643465373663656230646231326138303334393965306665363932
66373264613235343338313034303965646433663566623730376334303038643331373062613966
31636435353139316530643166653933333037626436356664653764343632626462373935303936
36376339353137656164383836343338303837396536643434393435393534306230653236613532
65636438363765643636646461383261326364303366306361613665613734353933636630363364
63623839346664303432333031663636643037353235356130383935313033666337663535636534
30623138313338613065333139636236386563323635373139613562363635326633326132316335
35623765613837383437643833376436333661343661323262363733623139653537613937366166
64333236653734663362303539656361356238303961333863643166313466616530373166336531
66663537343037643864303839353165666337383236623462636636653333643361326232663733
61313662393765616237393438653239333030363330306138363231626334323032346334313337
32393961653266343433336232383363666261626632626231373931323830373934353166363430
30303163396633373561646464306439613761626162623064386333376138343963616335376638
37313232386133643734343136356365663062626335303031653635316562393261313032643636
63656530333832663931643334636665643034323963623364306561313937623238616565323338
65613539613039666339373137376433346665306563303962663532323365323033316235616430
66313231356337336437666537663964353539626136393639623266366466313661646664643331
66363335643733653735336362323862663665653031363139326665353661303034663765373032
34373730363933396334646231626239323930366133363930393466613336373764346338353130
61353630316637333933663961656664313665656662623439623035383461643332656135636330
36363936343739613865353132366161666433336561626332323139653238373763646139643234
31316566303032653961653531316532376135613030646630656365343631383766326364633133
36663466646637316563393636353738346633626264386462303065356633333835363262663834
65306330396431376532633838356632623564653761663635616262373734626235363761336138
34323335346230313666623862626233333736643934623563353262393566336531616232303862
65656133386138396132663539376266303234363237326435343239313834303937313462313461
31653835323432383238643364663030386164613637326563383938323666613133356632656331
38376432646131666434373635626335303462356230636564633032386432393861316231373238
36323937396537626532663963383233396362326534373939646432336661353936313465633163
33316432633032363836353234396430626230653032363934393061336661616233343032653330
35343962313861363338383461313262376434373732323030613962663361323439346463633666
30643536653663306633643232336238613337346438666362643963373763333233646437663638
64336339343630636439653665663031613130643930383137313463366162306562356264356162
64303335383936313339353733626266373132393864623538393436653933663333386166333261
36373766383161616163363264333135623630633462323261393166633635326161303963363736
66343435343061323530336536346364346466366332623763343363636536313166383932363863
65376639613439623033393966343737306666316261366636646362643537656464303962353461
31313163626164653764663338356464333362633436653461626334343461313766333938633332
31393063626134303062633639656335633537366432346362623035306135326432653734313463
30306163626661306634663261666664643334343530363937626166646263653865646630663935
32396638346539663334626439393464356530316434636536303530376166383164663836353766
39633265663336306437376332396638393636363837616233663238373762663734323964353830
38343534343139396464626561633931653563323533656136643164313863393461653034646631
62616333386435613663613132376165633263313739663330353062633337306133343834303261
38393637303132653162373638653535303835383436663032346663373432623465363563356538
65373632333931316565636366616566313861643665646136396333643161336665366236366430
33383038353938663134376330326663636230333063393666346230663638366234346435386566
34623163346431663739386435333736333937616330343230343038346232613161613437626233
63646639396236666532326336333036613264383230636166663135633030643465613535646433
62323534323835396532656665393736363564616634663238333735383662376364306263666166
34636637386334653961343932613933353234396662333563393735303231303936623439323132
64393763353661363066356365323230313564386538333739623631366431303637303766393162
65643561303465626639346664326666356338626333663763313336343064383365333234306437
33346236616163653733613534373730393333336534373664616665666338343337626138646235
62623361363733666661613163393166346536386532383932316332333237396136373965626534
33313764396161636635323135363763366336373134643566336635386132333939653932626263
34303336323936366132656363643238626466663339386561386234356632393166643635306236
37306239363833373839353237663863653466303430646365663639383565646232663262623532
36343864313433666337326464396366346230313663333236613632356361333564653161396330
66383765373966383764333562363831613938356435316265353836343137313462356536393465
65653438626363633635636263353136316261333031663565353361383530386265613934306165
66353937623565323762363166316232616261386634646533313564373632323238353062383236
38363630343335333636336336653562376138613839393036316264333136643765316664663232
39323365346162656363626333326165653638666437333763306635303061656336336264323366
39663264613134613766343930633030353433353566303761636535303831383430326433616466
33393337346530623037353564346464646165343439613635663366386166656362316236396436
313139623265616134346463303761383631
